306697, 1561388
306585, 1561380
306533, 1561376
306416, 1561344
306336, 1561333
306208, 1561331
306166, 1561355
306071, 1561420
305925, 1561471
305857, 1561483
305811, 1561478
305774, 1561437
305748, 1561348
305754, 1561287
305801, 1561286
305891, 1561175
305848, 1561126
305833, 1561094
305864, 1561050
305810, 1561036
305734, 1561036
305703, 1561001
305674, 1560993
305643, 1561014
305580, 1560960
305531, 1560933
305492, 1560945
305476, 1560972
305452, 1560994
305406, 1560991
305370, 1561022
305325, 1561047
305327, 1561078
305320, 1561099
305274, 1561148
305244, 1561170
305238, 1561187
305217, 1561215
305156, 1561235
305084, 1561233
305054, 1561234
305057, 1561263
305042, 1561436
305031, 1561528
305041, 1561559
305075, 1561668
305091, 1561734
305109, 1561806
304845, 1561793
304828, 1561737
304789, 1561680
304730, 1561636
304682, 1561670
304609, 1561726
304537, 1561729
304543, 1561756
304426, 1561738
304386, 1561662
304317, 1561706
304215, 1561666
304099, 1561690
304021, 1561789
304088, 1561845
304062, 1561922
304177, 1561987
304084, 1562103
303922, 1562290
303891, 1562318
303867, 1562349
303812, 1562414
303739, 1562556
303701, 1562508
303676, 1562471
303652, 1562522
303575, 1562516
303540, 1562487
303542, 1562433
303458, 1562411
303434, 1562393
303422, 1562453
303317, 1562343
303325, 1562313
303302, 1562284
303276, 1562282
303240, 1562260
303217, 1562242
303167, 1562149
303138, 1562129
303111, 1562076
303064, 1562084
303038, 1562069
302998, 1562079
302959, 1562068
302931, 1562030
302862, 1562031
302847, 1562023
302823, 1562047
302750, 1561973
302708, 1561934
302622, 1561980
302539, 1561950
302478, 1561980
302420, 1561942
302396, 1561965
302352, 1562007
302328, 1562056
302315, 1562081
302288, 1562112
302262, 1562161
302249, 1562185
302232, 1562243
302240, 1562278
302258, 1562311
302306, 1562355
302355, 1562379
302388, 1562398
302411, 1562418
302443, 1562470
302456, 1562496
302448, 1562537
302402, 1562623
302354, 1562673
302366, 1562698
302357, 1562716
302346, 1562711
302213, 1562810
302163, 1562866
302066, 1562946
302056, 1562985
302016, 1562990
301955, 1563034
301936, 1563076
301882, 1563096
301867, 1563093
301822, 1563158
301764, 1563244
301677, 1563328
301580, 1563379
301518, 1563346
301482, 1563379
301494, 1563418
301572, 1563445
301601, 1563552
301514, 1563608
301374, 1563700
301316, 1563740
301140, 1563860
300871, 1563988
300689, 1564203
300484, 1564307
300566, 1564450
300389, 1564638
300472, 1564790
300547, 1564683
300696, 1564797
300709, 1564865
300724, 1564935
300733, 1564985
300802, 1564997
300809, 1565065
300824, 1565186
300889, 1565296
300927, 1565332
301139, 1565378
301166, 1565499
301310, 1565554
301340, 1565496
301493, 1565470
301602, 1565455
301726, 1565444
301852, 1565428
301951, 1565444
302023, 1565520
302279, 1565526
302273, 1565424
302522, 1565388
302630, 1565372
302914, 1565332
303045, 1565414
303213, 1565437
303283, 1565463
303299, 1565568
303353, 1565617
303429, 1565705
303551, 1565855
303589, 1565862
303662, 1565909
303709, 1565943
303699, 1565972
303790, 1566116
303814, 1566104
303914, 1566165
303961, 1566093
304048, 1566137
304008, 1566221
303912, 1566211
303876, 1566200
303784, 1566149
303710, 1566324
303725, 1566359
303889, 1566367
303933, 1566390
303906, 1566437
303985, 1566502
304046, 1566507
304164, 1566279
304241, 1566149
304173, 1566049
304116, 1566004
304118, 1565967
304208, 1565992
304274, 1566044
304578, 1566092
304532, 1566129
304531, 1566215
304506, 1566303
304729, 1566316
304773, 1566274
304902, 1566268
304962, 1566265
305087, 1566248
305070, 1566133
305108, 1566102
305082, 1566065
305145, 1565958
305177, 1565915
305235, 1565955
305421, 1565782
305452, 1565756
305596, 1565779
305683, 1565792
305791, 1565838
305893, 1565886
306023, 1565952
306135, 1566064
306203, 1566119
306251, 1566060
306555, 1566080
306664, 1566164
306780, 1566264
306834, 1566273
307071, 1566336
307106, 1566329
307223, 1566324
307307, 1566290
307304, 1566221
307397, 1566214
307647, 1566199
307865, 1566154
307896, 1566125
307979, 1566062
308031, 1566047
308267, 1565952
308267, 1565855
308315, 1565841
308359, 1565901
308432, 1565806
308535, 1565518
308562, 1565402
308545, 1565397
308590, 1565223
308676, 1565242
308700, 1565190
308860, 1565315
309031, 1565486
309093, 1565494
309270, 1565486
309332, 1565415
309354, 1565337
309367, 1565161
309389, 1565153
309440, 1565161
309492, 1565131
309497, 1565052
309524, 1565041
309568, 1565055
309587, 1565096
309570, 1565131
309579, 1565174
309560, 1565223
309573, 1565261
309608, 1565299
309578, 1565369
309820, 1565486
310001, 1565592
310154, 1565639
310358, 1565685
310369, 1565665
310596, 1565693
310642, 1565657
310700, 1565655
310795, 1565726
310937, 1565754
310976, 1565767
311272, 1565802
311282, 1565660
311408, 1565703
311494, 1565731
311616, 1565734
311782, 1565734
311858, 1565745
312021, 1565735
312100, 1565743
312203, 1565779
312306, 1565776
312392, 1565841
312409, 1565811
312398, 1565757
312439, 1565681
312479, 1565670
312550, 1565678
312596, 1565678
312601, 1565730
312574, 1565776
312533, 1565838
312950, 1565848
312983, 1565823
313055, 1565882
313070, 1565943
313113, 1566024
313256, 1566157
313460, 1566223
313496, 1566305
313555, 1566443
313631, 1566481
313723, 1566467
313799, 1566489
313878, 1566481
313921, 1566505
313929, 1566540
313902, 1566559
313864, 1566557
313826, 1566521
313788, 1566543
313790, 1566603
313783, 1566660
313813, 1566703
313862, 1566757
313832, 1566768
313788, 1566749
313704, 1566717
313615, 1566668
313569, 1566627
313498, 1566527
313478, 1566478
313376, 1566382
313136, 1566223
313101, 1566254
313101, 1566366
313059, 1566413
313016, 1566416
312962, 1566413
312874, 1566387
312529, 1566471
312501, 1566632
312565, 1566815
312693, 1566785
312693, 1566897
312807, 1566917
312813, 1566980
312802, 1567132
312937, 1567124
312932, 1566925
312996, 1566927
313121, 1567027
313135, 1567050
313217, 1566988
313282, 1566936
313292, 1566858
313309, 1566787
313283, 1566731
313320, 1566717
313355, 1566728
313360, 1566782
313360, 1566833
313368, 1566863
313401, 1566887
313431, 1566898
313466, 1566955
313562, 1566958
313585, 1567052
313455, 1567137
313195, 1567213
313129, 1567244
313040, 1567253
312907, 1567257
312912, 1567448
312909, 1567729
313019, 1567652
313276, 1567581
313810, 1567411
313916, 1567327
313989, 1567327
314106, 1567237
314184, 1567248
314220, 1567360
314192, 1567421
314225, 1567533
314192, 1567611
314198, 1567679
314314, 1567766
314371, 1567831
314390, 1567888
314428, 1568004
314439, 1568107
314482, 1568185
314507, 1568231
314596,1561394
306697, 1561388
306585, 1561380
306533, 1561376
306416, 1561344
306336, 1561333
306208, 1561331
306166, 1561355
306071, 1561420
305925, 1561471
305857, 1561483
305811, 1561478
305774, 1561437
305748, 1561348
305754, 1561287
305801, 1561286
305891, 1561175
305848, 1561126
305833, 1561094
305864, 1561050
305810, 1561036
305734, 1561036
305703, 1561001
305674, 1560993
305643, 1561014
305580, 1560960
305531, 1560933
305492, 1560945
305476, 1560972
305452, 1560994
305406, 1560991
305370, 1561022
305325, 1561047
305327, 1561078
305320, 1561099
305274, 1561148
305244, 1561170
305238, 1561187
305217, 1561215
305156, 1561235
305084, 1561233
305054, 1561234
305057, 1561263
305042, 1561436
305031, 1561528
305041, 1561559
305075, 1561668
305091, 1561734
305109, 1561806
304845, 1561793
304828, 1561737
304789, 1561680
304730, 1561636
304682, 1561670
304609, 1561726
304537, 1561729
304543, 1561756
304426, 1561738
304386, 1561662
304317, 1561706
304215, 1561666
304099, 1561690
304021, 1561789
304088, 1561845
304062, 1561922
304177, 1561987
304084, 1562103
303922, 1562290
303891, 1562318
303867, 1562349
303812, 1562414
303739, 1562556
303701, 1562508
303676, 1562471
303652, 1562522
303575, 1562516
303540, 1562487
303542, 1562433
303458, 1562411
303434, 1562393
303422, 1562453
303317, 1562343
303325, 1562313
303302, 1562284
303276, 1562282
303240, 1562260
303217, 1562242
303167, 1562149
303138, 1562129
303111, 1562076
303064, 1562084
303038, 1562069
302998, 1562079
302959, 1562068
302931, 1562030
302862, 1562031
302847, 1562023
302823, 1562047
302750, 1561973
302708, 1561934
302622, 1561980
302539, 1561950
302478, 1561980
302420, 1561942
302396, 1561965
302352, 1562007
302328, 1562056
302315, 1562081
302288, 1562112
302262, 1562161
302249, 1562185
302232, 1562243
302240, 1562278
302258, 1562311
302306, 1562355
302355, 1562379
302388, 1562398
302411, 1562418
302443, 1562470
302456, 1562496
302448, 1562537
302402, 1562623
302354, 1562673
302366, 1562698
302357, 1562716
302346, 1562711
302213, 1562810
302163, 1562866
302066, 1562946
302056, 1562985
302016, 1562990
301955, 1563034
301936, 1563076
301882, 1563096
301867, 1563093
301822, 1563158
301764, 1563244
301677, 1563328
301580, 1563379
301518, 1563346
301482, 1563379
301494, 1563418
301572, 1563445
301601, 1563552
301514, 1563608
301374, 1563700
301316, 1563740
301140, 1563860
300871, 1563988
300689, 1564203
300484, 1564307
300566, 1564450
300389, 1564638
300472, 1564790
300547, 1564683
300696, 1564797
300709, 1564865
300724, 1564935
300733, 1564985
300802, 1564997
300809, 1565065
300824, 1565186
300889, 1565296
300927, 1565332
301139, 1565378
301166, 1565499
301310, 1565554
301340, 1565496
301493, 1565470
301602, 1565455
301726, 1565444
301852, 1565428
301951, 1565444
302023, 1565520
302279, 1565526
302273, 1565424
302522, 1565388
302630, 1565372
302914, 1565332
303045, 1565414
303213, 1565437
303283, 1565463
303299, 1565568
303353, 1565617
303429, 1565705
303551, 1565855
303589, 1565862
303662, 1565909
303709, 1565943
303699, 1565972
303790, 1566116
303814, 1566104
303914, 1566165
303961, 1566093
304048, 1566137
304008, 1566221
303912, 1566211
303876, 1566200
303784, 1566149
303710, 1566324
303725, 1566359
303889, 1566367
303933, 1566390
303906, 1566437
303985, 1566502
304046, 1566507
304164, 1566279
304241, 1566149
304173, 1566049
304116, 1566004
304118, 1565967
304208, 1565992
304274, 1566044
304578, 1566092
304532, 1566129
304531, 1566215
304506, 1566303
304729, 1566316
304773, 1566274
304902, 1566268
304962, 1566265
305087, 1566248
305070, 1566133
305108, 1566102
305082, 1566065
305145, 1565958
305177, 1565915
305235, 1565955
305421, 1565782
305452, 1565756
305596, 1565779
305683, 1565792
305791, 1565838
305893, 1565886
306023, 1565952
306135, 1566064
306203, 1566119
306251, 1566060
306555, 1566080
306664, 1566164
306780, 1566264
306834, 1566273
307071, 1566336
307106, 1566329
307223, 1566324
307307, 1566290
307304, 1566221
307397, 1566214
307647, 1566199
307865, 1566154
307896, 1566125
307979, 1566062
308031, 1566047
308267, 1565952
308267, 1565855
308315, 1565841
308359, 1565901
308432, 1565806
308535, 1565518
308562, 1565402
308545, 1565397
308590, 1565223
308676, 1565242
308700, 1565190
308860, 1565315
309031, 1565486
309093, 1565494
309270, 1565486
309332, 1565415
309354, 1565337
309367, 1565161
309389, 1565153
309440, 1565161
309492, 1565131
309497, 1565052
309524, 1565041
309568, 1565055
309587, 1565096
309570, 1565131
309579, 1565174
309560, 1565223
309573, 1565261
309608, 1565299
309578, 1565369
309820, 1565486
310001, 1565592
310154, 1565639
310358, 1565685
310369, 1565665
310596, 1565693
310642, 1565657
310700, 1565655
310795, 1565726
310937, 1565754
310976, 1565767
311272, 1565802
311282, 1565660
311408, 1565703
311494, 1565731
311616, 1565734
311782, 1565734
311858, 1565745
312021, 1565735
312100, 1565743
312203, 1565779
312306, 1565776
312392, 1565841
312409, 1565811
312398, 1565757
312439, 1565681
312479, 1565670
312550, 1565678
312596, 1565678
312601, 1565730
312574, 1565776
312533, 1565838
312950, 1565848
312983, 1565823
313055, 1565882
313070, 1565943
313113, 1566024
313256, 1566157
313460, 1566223
313496, 1566305
313555, 1566443
313631, 1566481
313723, 1566467
313799, 1566489
313878, 1566481
313921, 1566505
313929, 1566540
313902, 1566559
313864, 1566557
313826, 1566521
313788, 1566543
313790, 1566603
313783, 1566660
313813, 1566703
313862, 1566757
313832, 1566768
313788, 1566749
313704, 1566717
313615, 1566668
313569, 1566627
313498, 1566527
313478, 1566478
313376, 1566382
313136, 1566223
313101, 1566254
313101, 1566366
313059, 1566413
313016, 1566416
312962, 1566413
312874, 1566387
312529, 1566471
312501, 1566632
312565, 1566815
312693, 1566785
312693, 1566897
312807, 1566917
312813, 1566980
312802, 1567132
312937, 1567124
312932, 1566925
312996, 1566927
313121, 1567027
313135, 1567050
313217, 1566988
313282, 1566936
313292, 1566858
313309, 1566787
313283, 1566731
313320, 1566717
313355, 1566728
313360, 1566782
313360, 1566833
313368, 1566863
313401, 1566887
313431, 1566898
313466, 1566955
313562, 1566958
313585, 1567052
313455, 1567137
313195, 1567213
313129, 1567244
313040, 1567253
312907, 1567257
312912, 1567448
312909, 1567729
313019, 1567652
313276, 1567581
313810, 1567411
313916, 1567327
313989, 1567327
314106, 1567237
314184, 1567248
314220, 1567360
314192, 1567421
314225, 1567533
314192, 1567611
314198, 1567679
314314, 1567766
314371, 1567831
314390, 1567888
314428, 1568004
314439, 1568107
314482, 1568185
314507, 1568231

